types	subtypes	processes1	processes2	processes3	processes4	processes5	processes6	processes7	processes8	processes9
C>A	ACA	0.0030291623418863	0.00871495442778068	0.0388262291150601	0.0125432091092892	0.00124634349826939	0.0100209929517123	0.00117491828755122	0.00827658277583514	0.00124079988954346
C>A	ACC	0.00129674196093082	0.0019238453613439	0.0232849648555664	0.0109943766260962	0.00115912926999505	0.00349873056096201	0.00420834312040976	0.00226029365412665	0.00130515188610797
C>A	ACG	0	0	0	0	0	0	0	0	0
C>A	ACT	0.00176986541748915	2.43204966096537e-05	0.0259621874890177	0.0103462759856317	0.000783228056250222	0.0032041374579537	0.00837109068687967	0.0042727809466969	0.00220483272212708
C>G	ACA	0.000143872892921726	4.26104146936324e-06	0.0134631204714735	0.00841007374479539	0.000589441191397404	0.00810941279151789	0.00233782790865391	0.00167486013755434	0.00249489766657373
C>G	ACC	3.68693919312073e-05	0.000723647493564337	0.00798318326319948	0.00480821122576881	0.000395694455977035	0.00179494789461275	0.000436287212362157	5.1175240016063e-05	0.00101611505058237
C>G	ACG	0	0	0	0	0	0	0	0	0
C>G	ACT	0.000661112523538578	4.90098026806896e-05	0.0139435052083438	0.0111785567467487	0.00052328556226317	0.00196166836740143	0.00118435309854133	0.000142679279396285	0.00285022294645549
C>T	ACA	8.12341211911651e-06	0.0184776203557341	0.0119446234072373	0.0100936295949289	0.00580649482141457	0.0610724531999551	0.0538516698191341	0.0216937053057727	0.0256458676072976
C>T	ACC	0.00172454513754605	0.0147305285347464	0.0080153692211196	0.00742129266308826	0.00208577136449622	0.00702162341591663	0.0203329986562855	0.0106033351375608	0.00813017011013166
C>T	ACG	0.000332160378218963	0.21250980224944	0.00634521895446576	0.0244568618241377	0.0047511664016684	0.0860092443811186	0.0242058459771547	0.0248553816586178	0.0194312414789007
C>T	ACT	0.00241823281755354	0.0126693815359094	0.0196513267524052	0.0159216362473289	0.00213816758773816	0.00591910864460533	0.0201614515993801	0.00422826490892646	0.00986712912062527
T>A	ATA	0.000982422258603182	0	0.0121404888825053	0.00701319172355229	0.00114832233303198	0.00517410298739555	0.00375992230250105	0.00593474054248669	0.00113323372998379
T>A	ATC	0.000523304457143841	0.000161413997733227	0.00864096603415151	0.00558594894948442	0.00353729520991545	0.00467996817283343	0.00675598793431291	0.00853305390631483	0.00155631653907331
T>A	ATG	0.000457788160358799	0.000408750837277714	0.0106932472323385	0.00695508490090487	0.00187860926761923	0.00213466358276914	0.000793902938252078	0.00429740314990943	0.00121611954636633
T>A	ATT	0.000729819534330201	0.000845977457871858	0.0109582478021987	0.00954467182168448	0.00703088826103636	0.0199906199520693	0.0278621623301551	0.0712883136191503	0.00493061355250671
T>C	ATA	0.00222408149879565	0.00127584688719802	0.0194394661581706	0.0136565155671384	0.00458823632160257	0.0157491245305353	0.0103396154322608	0.033457166854131	0.0543184642307455
T>C	ATC	0.00128084108108585	0.00195855679107852	0.00900595503032502	0.0071721019023463	0.00801380991167924	0.00359251362572327	0.00336776293909148	0.00936501111498915	0.0222761643309258
T>C	ATG	2.37536542334699e-05	0.00760834053194221	0.00674210919255227	0.00567570526961684	0.00641599326177769	0.00721942006343038	0.0103222580522591	0.036228823869003	0.0686320810565259
T>C	ATT	0.00619204270929058	0.000648333406468597	0.0222985068268755	0.0142329523663745	0.00346846288146065	0.00381057351600143	0.00503145597162892	0.0146376568588189	0.0200917794739352
T>G	ATA	0.000792763829531291	0.000130133011274628	0.00673360071035484	0.006170494485606	0.00637177503837625	0.00145294802114922	0.000118335275057158	0.0015806313445608	0.00115878082156041
T>G	ATC	0.000330443944337134	3.05067459647998e-06	0.00274791333948463	0.0013116887789818	0.0167057521366491	0.00104805013556826	0.00065667249716831	0.000516743794233381	0.00248399406128243
T>G	ATG	0.00021788824949995	1.1498656973489e-05	0.00715332143612347	0.00405200130921355	0.00657859912717035	0.00113362779981798	2.14310739397308e-05	0.00125145797443302	0.00233144427989061
T>G	ATT	0.0380874867110881	0.000217580539470737	0.00708799422361462	0.00342891816715097	0.0838446426124231	0.000782588634972145	0.00308902531085882	0.00427517856267749	0.00506914616777304
C>A	CCA	0.00014530499267058	0.000799030652534922	0.0275787095548193	0.00865730275750867	0.00176946563469383	0.00437259246014508	0.0227739506028503	0.0181888605845891	0.00530407138284963
C>A	CCC	0	0.00357244745864072	0.0132957672331461	0.00640532915233303	0.000981488616459804	0.00915240939506746	0.0303821675837685	0.00987363880371174	0.0174839939480221
C>A	CCG	6.79658825791279e-05	0.00453919386513588	0.00206782373361825	0.000905095713822323	0.000101297136639221	0.00198009041036301	0.00455085834048638	0.00136295291517299	0.00360101240957475
C>A	CCT	0	0	0.0106612729040688	0.00201333200129732	0.00177934341774171	0.00779237981979118	0.115755429741582	0.0585142564608323	0.0347703660358422
C>G	CCA	0.000251031314653206	0	0.00971102837036567	0.00697104669784144	0.000335397885434497	0.000830644792071177	1.65532074152309e-05	0.000391347561116791	0.000532101280915843
C>G	CCC	8.3543070664096e-05	0	0.00858273654815455	0.00444633353853288	0.000346555341836346	0.00107137071622201	9.68441822220899e-06	0.000270509951758223	0.000850583422427678
C>G	CCG	0	0	0	0	0	0	0	0	0
C>G	CCT	0.000149917543801484	0	0.0133024859338602	0.00858647619839469	0.000539990558324667	0.0015913788503972	8.92033652469273e-06	0.000313441053994275	0.000659238956983486
C>T	CCA	0.00215565996427871	0.0149863465520389	0.0160902160778456	0.0154093293765518	0.0045487339551017	0.00669243017995201	0.0127545401454324	0.00951956526179232	0.00366120486163821
C>T	CCC	0.00158124158011695	0.0150215135481833	0.0099545128299904	0.00872842003437255	0.00307961710412579	0.0075573759736357	0.0199212639593352	0.0184119054274499	0.00416577988266566
C>T	CCG	5.48996288229797e-05	0.139567603931289	0.000542996194699945	0.0144232591935329	0.00228926662298023	0.0685396697029598	0.0121553855763349	0.023775679384371	0.0167810405111484
C>T	CCT	0.00210055057140925	0.0124360328241718	0.0179443501747062	0.0154480636656912	0.00307264541685425	0.00633961134467909	0.0190723788480971	0.0177277834866324	0.00448331541860288
T>A	CTA	0.000438914489136019	0	0.00844237017007745	0.00552939892002604	0.00276873969671754	0.00152673158537217	0.000190096598160565	0.00183673112760066	0.00138526587020977
T>A	CTC	0.00684766168816389	5.526398788741e-06	0.010109496201436	0.00489813150967038	0.0197175543648945	0.00745945860034357	0.00125563079880177	0.00791373247097038	0.00521050421744829
T>A	CTG	0.00140181348250154	4.38860439360563e-07	0.0114573876516253	0.00616501818369812	0.00934454556031475	0.00237259537156115	5.11131920483721e-05	0.00145094514093779	0.00211142233757453
T>A	CTT	0.0425830268392781	3.14522147373899e-06	0.0193284973406893	0.0105401001647481	0.0116160500674726	0.00225566829559529	0.000267269285467881	0.00512020997444145	0.00204204586942868
T>C	CTA	0.000483151894915733	0.0021901035175048	0.00515164737037266	0.00642377782445542	0.0218549256962587	0.00347598489200831	0.00620557881110583	0.036377659633732	0.0350111151774315
T>C	CTC	0.0339152414434319	0.00235346167506752	0.00846713280324323	0.00368617639584854	0.0426472500730508	0.00271509188297815	0.00393595097102051	0.0242156576354295	0.0245156179361202
T>C	CTG	0.0133526907437922	0.00926035702031173	5.85166088956556e-06	0.00116313557548784	0.038906453878347	0.00675776685687671	0.00711163282676492	0.0622506957823027	0.0749114199393609
T>C	CTT	0.165403959310022	0.00113128370514546	0.0194937948324109	0.000168945601727072	0.00948540176284241	0.0149534287008085	0.0021170185856012	0.0607800592317086	0.0286694317056551
T>G	CTA	0.000348516774199151	0.000302004001868949	0.00455318927253496	0.0021504013374746	0.00970804569782072	0.000849314356313862	0.000533266380889698	0.00111070790473704	0.00221202016937477
T>G	CTC	0.0126291190308762	0.00172503829061068	0.00269650662159533	0.00187275656883201	0.0327592475954711	0.00274821576124142	0.00109679606298536	0.00088293847186439	0.01242414969189
T>G	CTG	0.00567618671431742	0.00387927737809951	0.00710623216909799	0.00328984584901221	0.0182095146739032	0.0017262413508725	0.00114792030024626	0.00151266464385279	0.0146992062529378
T>G	CTT	0.413009043396973	0.00417320692576072	1.51732774872453e-05	0.0455342908217998	0.106553120193986	0.00310327750407357	0.011362024977579	0.00294762018935929	0.00634250205458583
C>A	GCA	0.00404073048254376	0.028873613112464	0.0433656264699029	0	0.000967106298281773	0.00767442900924671	0.000452277606346583	0.00331713748798433	0.00054669522439858
C>A	GCC	0.000639916686004638	0.00508314848239115	0.0153478924552838	0.00448662543479729	0.000403086500813438	0.00380533358640791	0.00406651101582912	0.00096301802382759	0.00347911748633626
C>A	GCG	0	0	0	0	0	0	0	0	0
C>A	GCT	0.00142585934688251	0.0116150802027438	0.0293499132297814	0.000638749453005577	0.000970870867696058	0.00603331920549334	0.015280970346383	0.0058563380499665	0.00683921580265188
C>G	GCA	7.69639838744593e-05	3.42634785379272e-05	0.00668679277362755	0.00437773626635857	0.000244316743237572	0.00115154467949247	0.000146224664484057	0.000494512971544918	0.000636905323310935
C>G	GCC	0.000592619971834682	6.70169913272312e-05	0.00603788588948676	0.00400658645489062	0.000217221536739952	0.00132691926198191	0.00126785912596823	0.000548233843710284	0.00159494663778693
C>G	GCG	0	0	0	0	0	0	0	0	0
C>G	GCT	0.000158820455683633	4.27512379397563e-07	0.00920164382969982	0.00580257287024005	0.00037361508157899	0.00125504918789429	0.000361879439400218	0.000649907776962496	0.00137039511081027
C>T	GCA	9.35283913766647e-05	0.0200609049958078	0.00455647339875548	0.00778457834457604	0.00372422759955178	0.0245320820606897	0.0655644018139446	0.01441706955517	0.017253182138361
C>T	GCC	6.99729823362853e-05	0.0281957637132473	0	0.00513696322513729	0.00190576961340996	0.0322393930448836	0.0766031553705062	0.0121167319387206	0.0225412147306246
C>T	GCG	0.00060089504548567	0.160884973512101	0.000212435352458748	0.0145504774515633	0.00154073430498592	0.0957890031864062	0.0766730108396107	0.00210010245078782	0.029363849964941
C>T	GCT	0.00208155300521855	0.0204634963282846	0.00935187934947345	0.00812360515470679	0.00108287918823171	0.0164306542096237	0.0496793686496334	5.57278668189134e-05	0.019766750888685
T>A	GTA	8.92717597286688e-05	0	0.00593874504958661	0.00367227103988188	0.000743080680129871	0.00115655983155918	0.0011535037525481	0.00390953313744413	0.000941321160357657
T>A	GTC	0.00208402390165077	3.66234967289984e-05	0.00497835644471457	0.00273905730673093	0.00335969556162512	0.00159871638561772	0.00357870890244519	0.00772966253495512	0.000945436486773229
T>A	GTG	2.56799557893211e-06	5.91523235010144e-06	0.00561391471354822	0.00348110818583325	0.00243086407648468	0.00783226698422935	0.0014252152628345	0.00550165386921532	0.00224031249487947
T>A	GTT	0.00770657715241834	0	0.0108710582187294	0.00501165320263994	0.00230398047800167	0.00256148899309388	0.00352526941063017	0.0092454567077864	0.00129105531072169
T>C	GTA	0.00141934812806616	0	0.0063500511696536	0.00388692015889176	0.00353666178681827	0.0159586742045909	0.0173682398943381	0.0158024883151664	0.061193014497987
T>C	GTC	0.00907981433647654	0.00422346929454747	0.00578622119182609	0.00341185747335574	0.0066196231600077	0.00632314558578314	0.00869286481052837	0.00451885147988743	0.0192330357777708
T>C	GTG	0.00373527359916796	0.00625356947936129	0.00032293142372477	0.0015598740668162	0.00861319306691313	0.0139297207518706	0.0116916820918668	0.0255159154623476	0.0528736840395027
T>C	GTT	0.0164252346289448	2.65733342223096e-05	0.0121799684244206	0.00584647141986291	0.000551700862145214	0.00963114359021482	0.0082476671562207	0.00639963113744175	0.0355472620292934
T>G	GTA	0	0	0	0	0	0	0	0	0
T>G	GTC	0	0	0	0	0	0	0	0	0
T>G	GTG	0.00162303861515054	2.71274958467248e-06	0.00645641253743614	0.00322044937680451	0.00425217519674882	0.00207293544031629	0.000125208480030233	0.000358843855867477	0.00271949259005373
T>G	GTT	0.0880333921145366	0.000805384045085298	0.002319480695474	0.00871184691847788	0.0286101604883727	0.0101241779847625	0.00318740323629053	0.0122967288938424	0.00438229312413882
C>A	TCA	0.0057217546643689	0.0148071505665067	0.037155702561597	0.0160647765829415	0.000222089706232621	0.00612180817141897	0.00190613589425888	0.00220979487502742	0.00130836321065121
C>A	TCC	0.00131176369021769	0.0120181316889081	0.0251957167309465	0.0103324998929259	0.000762337938385183	0.00488099528548464	0.00623276184243265	0.00160430435023	0.0016001305749254
C>A	TCG	0	0	0	0	0	0	0	0	0
C>A	TCT	0.00798804139883356	0.0243344486766389	0.0628637978351169	0.00837169338697346	0.000989971234959729	0.0115373246899719	0.02750941219488	0.00675359604939414	0.00452116950219121
C>G	TCA	0	0.00064736161054063	5.00942046751123e-06	0.0847716649343623	0.0010303446809191	0.000385691730503637	0.000322444147314047	0.000183556509978027	0.00225917753978375
C>G	TCC	4.48320854065721e-06	0	0.00835094362595773	0.0242546063310048	0.000922658340025273	0.000773040929786498	0.000241908026366592	0.000160620846007966	0.00121973050581851
C>G	TCG	0	0	0	0	0	0	0	0	0
C>G	TCT	3.02812746706204e-05	2.16519688677088e-05	0.0111649881754266	0.0963913889458277	0.00181906609413794	0.00522611494824547	0.000564091465485295	0.000835641182865381	0.00416459995400151
C>T	TCA	0.002882906130684	0.0202139252548606	0.009207730320852	0.093588759112822	0.00790811809764145	0.00616735171535011	0.0153538109977439	0.0025243468674129	0.00422832825333108
C>T	TCC	0.00389049144219902	0.0157365419924353	0.0134334569972934	0.0323858141256983	0.00543486513262879	0.0090063969835843	0.0203951004787573	0.00600938306746482	0.00385700502464023
C>T	TCG	0.00061315822121302	0.0848134990079336	0.00439157942241882	0.0207095976422938	0.00176853252781011	0.0332703254294006	0.00711264036898649	0.0127033689831989	0.00821518896224116
C>T	TCT	0.00321544191738969	0.0172040971310592	0.018689832241713	0.0562017048674304	0.00667245177231372	0.00940186687835984	0.0149711283091043	0.00665461655726318	0.00589193493557957
T>A	TTA	0.00434556437919412	0.00655829378120664	0.0143865364730117	0.0134365873279354	0.000755894073227255	0.013810818932166	0.00717156986755848	0.0218815726703997	0.00619614881851969
T>A	TTC	0.000302942403921754	0	0.00962565831323281	0.00450417253670748	0.0102595459639875	0.00224677835453408	0.000607297788156923	0.00220935994712237	0.00116858876582916
T>A	TTG	0.000228608873034464	0	0.00706967959733811	0.0040430021101111	0.0034282083016001	0.0025891803039185	0.000149682942575809	0.00188363721679149	0.0011280927156627
T>A	TTT	0.00526815353993486	0	0.0168063042918998	0.008568376657511	0.0170635854290109	0.0319210518640401	0.00287589248645071	0.0258696396560894	0.00914569988764948
T>C	TTA	0.00494209517783688	0.00143341142127897	0.0136242189736312	0.0111544438192769	0.0100896584142975	0.0107121353531551	0.0199967361340288	0.00765135326591624	0.018344809559429
T>C	TTC	0.00163108079834899	0.00496582941594092	0.00721243207095328	0.00430934304330996	0.028759349391869	0.0214325635389405	0.0124879767759712	0.0186643656174617	0.0198191386530284
T>C	TTG	0.00112619516142125	0.00818859641798463	0.00396115982151883	0.00329076846466857	0.0160581373007556	0.00728372252818205	0.0164911233297589	0.0110838027918338	0.0195367750604148
T>C	TTT	0.00614866922307076	0.00280090898997336	0.0012130940168785	0.00421943037500898	0.0181976908431886	0.0862645006698246	0.0100559035580413	0.0646891431385659	0.0233536395930931
T>G	TTA	0.00157644033025285	8.5252470967673e-07	0.00896241672082508	0.00765561392922714	0.00953032320092415	0.00213802921616507	1.55414278355586e-05	0.00096850549165784	0.00103387135655119
T>G	TTC	0.000102127715262741	3.44169052624901e-06	0.00533932541899084	0.00301745878556134	0.0312848474885804	0.000570140166163449	0.00093211140150893	0.000737374462118357	0.00188612455436699
T>G	TTG	0.000344765567279231	0.000509864311066234	0.00727702934265898	0.00521328409483959	0.0127661797883606	0.0101837912143964	0.000917047153473098	0.0096995600706465	0.0036666870977779
T>G	TTT	0.0424028695803285	6.61916701692324e-05	0.00951498047636882	0.0066762431364647	0.230349421663887	0.0414055644208999	0.00353951156491329	0.0290501072895375	0.0114836390535264
