types	subtypes	processes1	processes2	processes3	processes4	processes5
C>A	ACA	0.0018408737494434	0.00689571427540786	0.0160848673683826	0.0598178765701401	0.0186278888811111
C>A	ACC	0.00365156932333576	0.00379132578659728	0.00621275592049163	0.00807309492430329	0.0103448324176395
C>A	ACG	0	0	0	0	0
C>A	ACT	0.0129079001261628	0.00333869072747565	0.00504049665307228	0.00523403101529233	0.00870932968293873
C>G	ACA	0.00046961983709814	0.00575594188685016	0.00464734291407971	0.0092066346194295	0.00798463687650286
C>G	ACC	0.000230576874893226	0.00153850160152947	0.0013032458020755	0.00143244758651141	0.00599563884761506
C>G	ACG	0	0	0	0	0
C>G	ACT	0.00030483203050518	0.00309423759075432	0.00405916096842573	0.00303838104760824	0.00501648899505825
C>T	ACA	0.00137767444631012	0.0729998406788815	0.0148895579396985	0.016649961746154	0.0178079373429358
C>T	ACC	0.00386674466317085	0.0139373718769379	0.00662376659543279	0.00716399614122805	0.0109160644242385
C>T	ACG	0.0114120855443329	0.0617901379921106	0.00850345437171859	0.00565402733059008	0.0782732425261254
C>T	ACT	0.00526016302162682	0.0160314814915983	0.00523443446597276	0.00850311301726019	0.0167967262995523
T>A	ATA	0.000796879260371211	0.00494561542293812	0.000946239674478635	0.0566533038080311	0.00479922042092451
T>A	ATC	0.00035298397862627	0.0027803594632371	0.00309693128712817	0.0165442112791449	0.00233440324183815
T>A	ATG	0.000126209231763366	0.00178151165091085	0.00233444579625191	0.0167801810228132	0.00418395023871711
T>A	ATT	0.00568236568111028	0.0225570574504359	0.00393531217140033	0.0270621695009409	0.00514418512828662
T>C	ATA	0.0078554611838446	0.0213356487921102	0.00784996021046375	0.019890787255396	0.021659055358418
T>C	ATC	0.00435680740225001	0.00785571632540294	0.00383061132877777	0.0071369792148274	0.00949851011106378
T>C	ATG	0.00402223420442746	0.0248669085961498	0.00597294773702533	0.0129039305405879	0.0124707033892736
T>C	ATT	0.00688488303004195	0.00727784642258192	0.00729921504836526	0.0110446072341283	0.0145104201278427
T>G	ATA	0.00354722835122531	0.00113473432052732	0.00163120477061605	0.00459972201359466	0.00347004938070369
T>G	ATC	0.00379277869366671	0.000951815947445648	0.00202706925417637	0.00171601326569178	0.00112165763965693
T>G	ATG	0.00166963327635073	0.00130957580883262	0.00137636786303621	0.00470214057330324	0.00450386340940354
T>G	ATT	0.0291073296457498	0.00097977919738055	0.000227258879632602	0.00100595276831848	0.00413699649821251
C>A	CCA	0.00430231770187447	0.0104937529312054	0.0105142247614871	0.0228460443894414	0.0236322929715244
C>A	CCC	0.000997957416875986	0.0195224965035136	0.00573814425868463	0.00573312627648773	0.00409686394823635
C>A	CCG	0.000379361308413574	0.00473275637615683	0.00110001007399803	0.000962282115246679	0.00151911017925926
C>A	CCT	0.016266602435268	0.0472735580375183	0.0034561437537807	0.0022135856238098	0.00245008374821588
C>G	CCA	0	0	0	0	0
C>G	CCC	0	0	0	0	0
C>G	CCG	0	0	0	0	0
C>G	CCT	0	0	0	0	0
C>T	CCA	0.00139075180782554	0.0104701012407791	0.0116335544804171	0.00890743997169772	0.015432583657478
C>T	CCC	0.0020863871504513	0.0131740506707567	0.00950503504351517	0.00839610866996816	0.0149835751301757
C>T	CCG	0.00507007802073519	0.0440410347002781	0.0110146635030762	0.013928111205799	0.047034206096144
C>T	CCT	0.00302819441764665	0.0127130320283364	0.013476813438873	0.0252897234016407	0.0177415152358569
T>A	CTA	0.000237977831465363	0.000170640599633614	0.0011445094204551	0.0103332031350991	0.00945243537452816
T>A	CTC	0.000405895750519327	0.00612146486691858	0.00399690505088974	0.0163065027053478	0.00866656074208359
T>A	CTG	0.000269173006430849	0.00115741644079114	0.00332730585018936	0.00488357214733267	0.00313069602367003
T>A	CTT	0.000769007955164792	0.00176624938017687	0.00353481718046227	0.00524654816026937	0.0049025726844847
T>C	CTA	0.00110365331150858	0.0145649261029285	0.00471073488906013	0.0072321997047067	0.00495447760790502
T>C	CTC	0.00169124535752859	0.0105720077408271	0.00473560451345608	0.0106933056034384	0.0100176230195294
T>C	CTG	0.00143182301839509	0.0292867156022124	0.00317337201107804	0.0105589226832275	0.00755927337317447
T>C	CTT	0.00185812819058906	0.0150511843172671	0.00591511962836191	0.0145418198866495	0.0115456723512381
T>G	CTA	0.00495347134570832	0.000640329274951791	0.000594740301700137	0.00356357913076585	0.00144148876727455
T>G	CTC	0.00166560233952625	0.00282536749048374	0.00140150311828606	0.00245463979007151	0.0025073596471723
T>G	CTG	0.00260235594307286	0.00324510728709442	0.00182445065683891	0.00291901894714491	0.00410546963652932
T>G	CTT	0.021044545599572	0.00452508727453831	0.00111950244486722	0.00374005680891186	0.00297010358400481
C>A	GCA	0.00145813886005662	0.00224011541125975	0.0142135754273682	0.00944220402532293	0.0243879618841738
C>A	GCC	0.00171327856574304	0.00317681720698105	0.00354805575258831	0.00275700848866178	0.00761289287108859
C>A	GCG	0	0	0	0	0
C>A	GCT	0.00810475204747713	0.00621476700952209	0.00517360549146163	0.00247877269740043	0.00995168370423839
C>G	GCA	0	0	0	0	0
C>G	GCC	0	0	0	0	0
C>G	GCG	0	0	0	0	0
C>G	GCT	0	0	0	0	0
C>T	GCA	0.00230802208993104	0.0602172721626576	0.00827446755417919	0.00139681276851211	0.00881523067258627
C>T	GCC	0.0109225284752619	0.0450974245278348	0.00574146906767611	0.00740972298923389	0.00705466374139897
C>T	GCG	0.018333188005581	0.0762572796490756	0.0118032999729257	0.0101752868321584	0.0502584720565031
C>T	GCT	0.0122440316623337	0.0360605533255633	0.00567672187262679	0.0149938967319709	0.00785675195023043
T>A	GTA	0	0	0	0	0
T>A	GTC	0	0	0	0	0
T>A	GTG	6.71429772321473e-05	0.00452193135181914	0.00171805155286616	0.00727866426112471	0.00672598289594272
T>A	GTT	0.000567023966131163	0.00196360406118349	0.00220557112321061	0.00420749822651853	0.00397564166551131
T>C	GTA	0.0104719917686657	0.0152240044220722	0.00214887221249977	0.00386963551671798	0.00919697298411132
T>C	GTC	0.0076153625355978	0.00691009847228015	0.00269670108219432	0.00288275262764639	0.00938383094428285
T>C	GTG	0.00573263747588348	0.0162777383894087	0.00253751273093472	0.0123904888069676	0.0105861658810855
T>C	GTT	0.0173572455604028	0.00796815180723362	0.00538061683975953	0.0067319445095051	0.00908914175728307
T>G	GTA	0.000886932524293357	0.000448443027154776	0.00110676395191228	0.00432394459230321	0.00273600069780111
T>G	GTC	0.00139235403206222	0.000309146644708908	0.000825455163787978	0.00252333175782948	0.00386177170679148
T>G	GTG	0.000765965695852474	0.00200119162939229	0.00393269624479112	0.0191717921143661	0.00669450947388592
T>G	GTT	0.00372534266876117	0.00278376081784674	0.00202811920639471	0.00949637394654939	0.0033375800040891
C>A	TCA	0.0543400680498871	0.0008493648998608	0.0520555872871309	0.0910681194067801	0.104329204733536
C>A	TCC	0.00704025409529284	0.0035930376094968	0.0121743892100525	0.00651998072323674	0.00727247874817599
C>A	TCG	0.00106455740834996	0.0011495127967212	0.00202247253581758	0.00242800334807064	0.00148297112905634
C>A	TCT	0.351887442514094	0.00478606910504802	0.00695516514509248	0.00186414716206696	0.0143351571382836
C>G	TCA	9.7363317069056e-05	2.75766447861859e-05	0.0884217357157218	0.00890758034849037	0.00277834569357751
C>G	TCC	9.39818833009928e-05	0.0008834465245486	0.0186637749189042	0.0056305462163758	0.00264064692061392
C>G	TCG	0	0	0	0	0
C>G	TCT	0.000231282661521589	0.00431257851255768	0.103997981170148	0.0188264732857037	0.00616957584314072
C>T	TCA	0.00449063537753673	0.00675258906429118	0.194602173825681	0.00795324652691958	0.0430966229634648
C>T	TCC	0.0133174813519648	0.0101311578374	0.0449881513690325	0.0158591225186312	0.0312726856301531
C>T	TCG	0.0722842637758735	0.0217046427743507	0.030199948975825	0.010629004170564	0.0358426218109644
C>T	TCT	0.0285551813742053	0.0167033786695105	0.119720731329445	0.114213386254048	0.0311406698127194
T>A	TTA	0.00253546696484137	0.00956970395201069	0.00233824242471402	0.0315471706877381	0.0142370563160711
T>A	TTC	0.000742920351191066	0.00135787683655546	0.00168767588119279	0.000687894519205612	0.00455484850778536
T>A	TTG	0	0	0	0	0
T>A	TTT	0.00502637132252588	0.00698992466486232	0.00498755398839203	0.00842673793305677	0.00706989754561843
T>C	TTA	0.00785084487252878	0.0159961622457561	0.00410375513086762	0.00611183538533728	0.00773355288881875
T>C	TTC	0.00761483188899996	0.0128285658249964	0.00346990234064804	0.0110435952524475	0.0122239515331739
T>C	TTG	0.005112632318619	0.0159344935666909	0.00313584364498852	0.00611280178261466	0.00499057903986083
T>C	TTT	0.0129570678755679	0.0275330795061804	0.00551800480855523	0.0165708244034602	0.00937053381099797
T>G	TTA	0.0105825483989688	0.00023554479935401	0.00140980421133667	0.00405959311677601	0.00292366159360934
T>G	TTC	0.00725754249901718	0.000867150625550445	0.000725559757351223	0.00293108150989511	0.00220472283041565
T>G	TTG	0.00149915600397946	0.0036299121654457	0.00161300356996115	0.00513851652587167	0.00407153550632541
T>G	TTT	0.120680803318519	0.00719483928556751	0.00315318611178476	0.01637685519757	0.00228366009609001
